8.699674804687500000e+03
7.382685058593750000e+03
6.264999511718750000e+03
5.316457031250000000e+03
4.511460937500000000e+03
3.828287841796875000e+03
3.248501464843750000e+03
2.756456298828125000e+03
2.338873779296875000e+03
1.984485717773437500e+03
1.683728271484375000e+03
1.428485595703125000e+03
1.211869628906250000e+03
1.028034912109375000e+03
8.720205688476562500e+02
7.396163940429687500e+02
6.272493896484375000e+02
5.318872680664062500e+02
4.509566345214843750e+02
3.822735290527343750e+02
3.239844360351562500e+02
2.745164794921875000e+02
2.325346374511718750e+02
1.969060821533203125e+02
1.666693115234375000e+02
1.410083618164062500e+02
1.192307891845703125e+02
1.007488861083984375e+02
8.506391143798828125e+01
7.175260162353515625e+01
6.045573806762695312e+01
5.086846542358398438e+01
4.273206710815429688e+01
3.582698059082031250e+01
2.996686553955078125e+01
2.493008041381835938e+01
1.987804985046386719e+01
1.532944679260253906e+01
1.198400688171386719e+01
9.316823005676269531e+00
7.212704181671142578e+00
5.541444778442382812e+00
4.224086284637451172e+00
3.162497282028198242e+00
2.322119235992431641e+00
1.649893522262573242e+00
1.110205054283142090e+00
6.811686158180236816e-01
3.449845612049102783e-01
8.213335275650024414e-02
-1.257386505603790283e-01
-2.882557213306427002e-01
-4.039703905582427979e-01
-4.779111742973327637e-01
-5.127750635147094727e-01
-5.167108774185180664e-01
-4.965031445026397705e-01
-4.548227488994598389e-01
-4.000667035579681396e-01
-3.309969305992126465e-01
-2.532796561717987061e-01
-1.713186502456665039e-01
-8.767624944448471069e-02
-4.465200938284397125e-03
7.069208472967147827e-02
1.327677667140960693e-01
2.024531364440917969e-01
2.575182616710662842e-01
3.117759227752685547e-01
3.627403974533081055e-01
4.081485569477081299e-01
4.457020163536071777e-01
4.822948276996612549e-01
5.062803030014038086e-01
5.270568132400512695e-01
5.354909896850585938e-01
5.396650433540344238e-01
5.290058255195617676e-01
5.111359357833862305e-01
4.815630316734313965e-01
4.438430666923522949e-01
3.966298103332519531e-01
3.448835313320159912e-01
2.865934073925018311e-01
2.198167890310287476e-01
1.513704806566238403e-01
8.512819558382034302e-02
2.201382257044315338e-02
-3.251860290765762329e-02
-8.572521060705184937e-02
-1.298769712448120117e-01
-1.619319319725036621e-01
-1.914206147193908691e-01
-2.073655426502227783e-01
-2.183326184749603271e-01
-2.230212241411209106e-01
-2.219873219728469849e-01
-2.192988097667694092e-01
-2.122442126274108887e-01
-2.079186886548995972e-01
-1.981328129768371582e-01
-1.880631744861602783e-01
-1.754339337348937988e-01
-1.654836237430572510e-01
-1.565077155828475952e-01
-1.473867744207382202e-01
-1.386737972497940063e-01
-1.333987414836883545e-01
-1.240689456462860107e-01
-1.151232346892356873e-01
-1.105557680130004883e-01
-1.025251671671867371e-01
-9.671046584844589233e-02
-8.784016966819763184e-02
-8.413147181272506714e-02
-7.971078902482986450e-02
-7.590800523757934570e-02
-7.103604078292846680e-02
-6.422142684459686279e-02
-6.026136875152587891e-02
-5.567467957735061646e-02
-5.196313187479972839e-02
-4.828692227602005005e-02
-4.647865146398544312e-02
-4.433853924274444580e-02
-4.383358359336853027e-02
-4.242982715368270874e-02
-4.229804873466491699e-02
-3.805473446846008301e-02
-3.688940033316612244e-02
-3.225555643439292908e-02
-3.092209249734878540e-02
-2.976477891206741333e-02
-2.661031857132911682e-02
-2.651762217283248901e-02
-2.436804026365280151e-02
-1.845301873981952667e-02
-1.885439082980155945e-02
-1.560021098703145981e-02
-1.268723327666521072e-02
-1.247276645153760910e-02
-8.276453241705894470e-03
-6.039320956915616989e-03
-5.828244145959615707e-03
-2.863199915736913681e-03
-1.030469313263893127e-03
-1.963252434507012367e-03
1.782889827154576778e-03
1.698605483397841454e-03
-2.152796834707260132e-03
0.000000000000000000e+00
0.000000000000000000e+00
0.000000000000000000e+00
0.000000000000000000e+00
0.000000000000000000e+00
0.000000000000000000e+00
0.000000000000000000e+00
0.000000000000000000e+00
0.000000000000000000e+00
0.000000000000000000e+00
0.000000000000000000e+00
0.000000000000000000e+00
0.000000000000000000e+00
0.000000000000000000e+00
0.000000000000000000e+00
0.000000000000000000e+00
0.000000000000000000e+00
0.000000000000000000e+00
0.000000000000000000e+00
0.000000000000000000e+00
0.000000000000000000e+00
0.000000000000000000e+00
0.000000000000000000e+00
0.000000000000000000e+00
0.000000000000000000e+00
0.000000000000000000e+00
0.000000000000000000e+00
0.000000000000000000e+00
0.000000000000000000e+00
0.000000000000000000e+00
0.000000000000000000e+00
0.000000000000000000e+00
0.000000000000000000e+00
0.000000000000000000e+00
0.000000000000000000e+00
0.000000000000000000e+00
0.000000000000000000e+00
0.000000000000000000e+00
0.000000000000000000e+00
0.000000000000000000e+00
0.000000000000000000e+00
0.000000000000000000e+00
0.000000000000000000e+00
0.000000000000000000e+00
0.000000000000000000e+00
0.000000000000000000e+00
0.000000000000000000e+00
0.000000000000000000e+00
0.000000000000000000e+00
0.000000000000000000e+00
0.000000000000000000e+00
0.000000000000000000e+00
0.000000000000000000e+00
0.000000000000000000e+00
0.000000000000000000e+00
0.000000000000000000e+00
0.000000000000000000e+00
0.000000000000000000e+00
0.000000000000000000e+00
0.000000000000000000e+00
0.000000000000000000e+00
0.000000000000000000e+00
0.000000000000000000e+00
0.000000000000000000e+00
0.000000000000000000e+00
0.000000000000000000e+00
0.000000000000000000e+00
0.000000000000000000e+00
0.000000000000000000e+00
0.000000000000000000e+00
0.000000000000000000e+00
0.000000000000000000e+00
0.000000000000000000e+00
0.000000000000000000e+00
0.000000000000000000e+00
0.000000000000000000e+00
0.000000000000000000e+00
0.000000000000000000e+00
0.000000000000000000e+00
0.000000000000000000e+00
0.000000000000000000e+00
0.000000000000000000e+00
0.000000000000000000e+00
0.000000000000000000e+00
0.000000000000000000e+00
0.000000000000000000e+00
0.000000000000000000e+00
0.000000000000000000e+00
0.000000000000000000e+00
0.000000000000000000e+00
0.000000000000000000e+00
0.000000000000000000e+00
0.000000000000000000e+00
0.000000000000000000e+00
0.000000000000000000e+00
0.000000000000000000e+00
0.000000000000000000e+00
0.000000000000000000e+00
0.000000000000000000e+00
0.000000000000000000e+00
0.000000000000000000e+00
0.000000000000000000e+00
0.000000000000000000e+00
0.000000000000000000e+00
0.000000000000000000e+00
0.000000000000000000e+00
0.000000000000000000e+00
0.000000000000000000e+00
0.000000000000000000e+00
0.000000000000000000e+00
0.000000000000000000e+00
0.000000000000000000e+00
0.000000000000000000e+00
0.000000000000000000e+00
0.000000000000000000e+00
0.000000000000000000e+00
0.000000000000000000e+00
0.000000000000000000e+00
0.000000000000000000e+00
0.000000000000000000e+00
0.000000000000000000e+00
0.000000000000000000e+00
0.000000000000000000e+00
0.000000000000000000e+00
0.000000000000000000e+00
0.000000000000000000e+00
0.000000000000000000e+00
0.000000000000000000e+00
0.000000000000000000e+00
0.000000000000000000e+00
0.000000000000000000e+00
0.000000000000000000e+00
0.000000000000000000e+00
0.000000000000000000e+00
0.000000000000000000e+00
0.000000000000000000e+00
0.000000000000000000e+00
0.000000000000000000e+00
0.000000000000000000e+00
0.000000000000000000e+00
0.000000000000000000e+00
0.000000000000000000e+00
0.000000000000000000e+00
0.000000000000000000e+00
0.000000000000000000e+00
0.000000000000000000e+00
0.000000000000000000e+00
0.000000000000000000e+00
0.000000000000000000e+00
0.000000000000000000e+00
0.000000000000000000e+00
0.000000000000000000e+00
0.000000000000000000e+00
0.000000000000000000e+00
0.000000000000000000e+00
0.000000000000000000e+00
0.000000000000000000e+00
0.000000000000000000e+00
0.000000000000000000e+00
0.000000000000000000e+00
0.000000000000000000e+00
0.000000000000000000e+00
0.000000000000000000e+00
0.000000000000000000e+00
0.000000000000000000e+00
0.000000000000000000e+00
0.000000000000000000e+00
0.000000000000000000e+00
0.000000000000000000e+00
0.000000000000000000e+00
0.000000000000000000e+00
0.000000000000000000e+00
0.000000000000000000e+00
0.000000000000000000e+00
0.000000000000000000e+00
0.000000000000000000e+00
0.000000000000000000e+00
0.000000000000000000e+00
0.000000000000000000e+00
0.000000000000000000e+00
0.000000000000000000e+00
0.000000000000000000e+00
0.000000000000000000e+00
0.000000000000000000e+00
0.000000000000000000e+00
0.000000000000000000e+00
0.000000000000000000e+00
0.000000000000000000e+00
0.000000000000000000e+00
0.000000000000000000e+00
0.000000000000000000e+00
0.000000000000000000e+00
0.000000000000000000e+00
0.000000000000000000e+00
0.000000000000000000e+00
0.000000000000000000e+00
0.000000000000000000e+00
0.000000000000000000e+00
0.000000000000000000e+00
0.000000000000000000e+00
0.000000000000000000e+00
0.000000000000000000e+00
0.000000000000000000e+00
0.000000000000000000e+00
0.000000000000000000e+00
0.000000000000000000e+00
0.000000000000000000e+00
0.000000000000000000e+00
0.000000000000000000e+00
0.000000000000000000e+00
0.000000000000000000e+00
