8.702571289062500000e+03
7.385581054687500000e+03
6.267895507812500000e+03
5.319353515625000000e+03
4.514357421875000000e+03
3.831184082031250000e+03
3.251397705078125000e+03
2.759352539062500000e+03
2.341770019531250000e+03
1.987381958007812500e+03
1.686624511718750000e+03
1.431381835937500000e+03
1.214765869140625000e+03
1.030931152343750000e+03
8.749168090820312500e+02
7.425126342773437500e+02
6.301456298828125000e+02
5.347835083007812500e+02
4.538528747558593750e+02
3.851697387695312500e+02
3.268806762695312500e+02
2.774126892089843750e+02
2.354308624267578125e+02
1.998023071289062500e+02
1.695655364990234375e+02
1.439045867919921875e+02
1.221270141601562500e+02
1.036451110839843750e+02
8.796013641357421875e+01
7.464882659912109375e+01
6.335196304321289062e+01
5.376469039916992188e+01
4.562829589843750000e+01
3.872320556640625000e+01
3.286309051513671875e+01
2.615123558044433594e+01
2.088630104064941406e+01
1.668568229675292969e+01
1.349313926696777344e+01
1.095734596252441406e+01
8.955686569213867188e+00
7.366997718811035156e+00
6.111738204956054688e+00
5.111991882324218750e+00
4.322427749633789062e+00
3.692889928817749023e+00
3.191318750381469727e+00
2.792407751083374023e+00
2.478453397750854492e+00
2.230099916458129883e+00
2.029422521591186523e+00
1.870109319686889648e+00
1.751276254653930664e+00
1.669882535934448242e+00
1.621767759323120117e+00
1.599317312240600586e+00
1.598685503005981445e+00
1.612525224685668945e+00
1.638187646865844727e+00
1.674171209335327148e+00
1.715256929397583008e+00
1.754899740219116211e+00
1.793822526931762695e+00
1.825816392898559570e+00
1.850528001785278320e+00
1.862893819808959961e+00
1.870914697647094727e+00
1.866507768630981445e+00
1.856502771377563477e+00
1.838221311569213867e+00
1.815779447555541992e+00
1.782675981521606445e+00
1.743952035903930664e+00
1.699320077896118164e+00
1.649587392807006836e+00
1.593250513076782227e+00
1.536198377609252930e+00
1.468611240386962891e+00
1.399172067642211914e+00
1.328100919723510742e+00
1.252693176269531250e+00
1.177140235900878906e+00
1.101476192474365234e+00
1.026009082794189453e+00
9.507577419281005859e-01
8.781001567840576172e-01
8.085558414459228516e-01
7.436189651489257812e-01
6.846017837524414062e-01
6.321568489074707031e-01
5.856177806854248047e-01
5.470757484436035156e-01
5.148732662200927734e-01
4.903330802917480469e-01
4.709157943725585938e-01
4.562759399414062500e-01
4.466612339019775391e-01
4.392471313476562500e-01
4.351561069488525391e-01
4.315176010131835938e-01
4.299299716949462891e-01
4.283576011657714844e-01
4.282419681549072266e-01
4.266746044158935547e-01
4.252343177795410156e-01
4.236390590667724609e-01
4.196870326995849609e-01
4.138996601104736328e-01
4.093651771545410156e-01
4.041602611541748047e-01
3.964428901672363281e-01
3.878564834594726562e-01
3.789424896240234375e-01
3.695147037506103516e-01
3.570785522460937500e-01
3.446967601776123047e-01
3.320534229278564453e-01
3.184068202972412109e-01
3.055443763732910156e-01
2.917943000793457031e-01
2.777371406555175781e-01
2.630698680877685547e-01
2.463290691375732422e-01
2.296006679534912109e-01
2.146255970001220703e-01
1.994445323944091797e-01
1.841952800750732422e-01
1.688883304595947266e-01
1.552324295043945312e-01
1.414816379547119141e-01
1.304924488067626953e-01
1.187546253204345703e-01
1.067409515380859375e-01
9.562730789184570312e-02
8.420848846435546875e-02
7.555627822875976562e-02
6.794595718383789062e-02
5.954289436340332031e-02
5.293250083923339844e-02
4.673480987548828125e-02
4.040145874023437500e-02
3.531670570373535156e-02
3.001022338867187500e-02
2.432441711425781250e-02
2.026867866516113281e-02
1.646876335144042969e-02
1.303172111511230469e-02
1.002883911132812500e-02
6.702423095703125000e-03
3.083229064941406250e-03
0.000000000000000000e+00
0.000000000000000000e+00
0.000000000000000000e+00
0.000000000000000000e+00
0.000000000000000000e+00
0.000000000000000000e+00
0.000000000000000000e+00
0.000000000000000000e+00
0.000000000000000000e+00
0.000000000000000000e+00
0.000000000000000000e+00
0.000000000000000000e+00
0.000000000000000000e+00
0.000000000000000000e+00
0.000000000000000000e+00
0.000000000000000000e+00
0.000000000000000000e+00
0.000000000000000000e+00
0.000000000000000000e+00
0.000000000000000000e+00
0.000000000000000000e+00
0.000000000000000000e+00
0.000000000000000000e+00
0.000000000000000000e+00
0.000000000000000000e+00
0.000000000000000000e+00
0.000000000000000000e+00
0.000000000000000000e+00
0.000000000000000000e+00
0.000000000000000000e+00
0.000000000000000000e+00
0.000000000000000000e+00
0.000000000000000000e+00
0.000000000000000000e+00
0.000000000000000000e+00
0.000000000000000000e+00
0.000000000000000000e+00
0.000000000000000000e+00
0.000000000000000000e+00
0.000000000000000000e+00
0.000000000000000000e+00
0.000000000000000000e+00
0.000000000000000000e+00
0.000000000000000000e+00
0.000000000000000000e+00
0.000000000000000000e+00
0.000000000000000000e+00
0.000000000000000000e+00
0.000000000000000000e+00
0.000000000000000000e+00
0.000000000000000000e+00
0.000000000000000000e+00
0.000000000000000000e+00
0.000000000000000000e+00
0.000000000000000000e+00
0.000000000000000000e+00
0.000000000000000000e+00
0.000000000000000000e+00
0.000000000000000000e+00
0.000000000000000000e+00
0.000000000000000000e+00
0.000000000000000000e+00
0.000000000000000000e+00
0.000000000000000000e+00
0.000000000000000000e+00
0.000000000000000000e+00
0.000000000000000000e+00
0.000000000000000000e+00
0.000000000000000000e+00
0.000000000000000000e+00
0.000000000000000000e+00
0.000000000000000000e+00
0.000000000000000000e+00
0.000000000000000000e+00
0.000000000000000000e+00
0.000000000000000000e+00
0.000000000000000000e+00
0.000000000000000000e+00
0.000000000000000000e+00
0.000000000000000000e+00
0.000000000000000000e+00
0.000000000000000000e+00
0.000000000000000000e+00
0.000000000000000000e+00
0.000000000000000000e+00
0.000000000000000000e+00
0.000000000000000000e+00
0.000000000000000000e+00
0.000000000000000000e+00
0.000000000000000000e+00
0.000000000000000000e+00
0.000000000000000000e+00
0.000000000000000000e+00
0.000000000000000000e+00
0.000000000000000000e+00
0.000000000000000000e+00
0.000000000000000000e+00
0.000000000000000000e+00
0.000000000000000000e+00
0.000000000000000000e+00
0.000000000000000000e+00
0.000000000000000000e+00
0.000000000000000000e+00
0.000000000000000000e+00
0.000000000000000000e+00
0.000000000000000000e+00
0.000000000000000000e+00
0.000000000000000000e+00
0.000000000000000000e+00
0.000000000000000000e+00
0.000000000000000000e+00
0.000000000000000000e+00
0.000000000000000000e+00
0.000000000000000000e+00
0.000000000000000000e+00
0.000000000000000000e+00
0.000000000000000000e+00
0.000000000000000000e+00
0.000000000000000000e+00
0.000000000000000000e+00
0.000000000000000000e+00
0.000000000000000000e+00
0.000000000000000000e+00
0.000000000000000000e+00
0.000000000000000000e+00
0.000000000000000000e+00
0.000000000000000000e+00
0.000000000000000000e+00
0.000000000000000000e+00
0.000000000000000000e+00
0.000000000000000000e+00
0.000000000000000000e+00
0.000000000000000000e+00
0.000000000000000000e+00
0.000000000000000000e+00
0.000000000000000000e+00
0.000000000000000000e+00
0.000000000000000000e+00
0.000000000000000000e+00
0.000000000000000000e+00
0.000000000000000000e+00
0.000000000000000000e+00
0.000000000000000000e+00
0.000000000000000000e+00
0.000000000000000000e+00
0.000000000000000000e+00
0.000000000000000000e+00
0.000000000000000000e+00
0.000000000000000000e+00
0.000000000000000000e+00
0.000000000000000000e+00
0.000000000000000000e+00
0.000000000000000000e+00
0.000000000000000000e+00
0.000000000000000000e+00
0.000000000000000000e+00
0.000000000000000000e+00
0.000000000000000000e+00
0.000000000000000000e+00
0.000000000000000000e+00
0.000000000000000000e+00
0.000000000000000000e+00
0.000000000000000000e+00
0.000000000000000000e+00
0.000000000000000000e+00
0.000000000000000000e+00
0.000000000000000000e+00
0.000000000000000000e+00
0.000000000000000000e+00
0.000000000000000000e+00
0.000000000000000000e+00
0.000000000000000000e+00
0.000000000000000000e+00
0.000000000000000000e+00
0.000000000000000000e+00
0.000000000000000000e+00
0.000000000000000000e+00
0.000000000000000000e+00
0.000000000000000000e+00
0.000000000000000000e+00
0.000000000000000000e+00
0.000000000000000000e+00
0.000000000000000000e+00
0.000000000000000000e+00
0.000000000000000000e+00
0.000000000000000000e+00
0.000000000000000000e+00
0.000000000000000000e+00
0.000000000000000000e+00
0.000000000000000000e+00
0.000000000000000000e+00
0.000000000000000000e+00
0.000000000000000000e+00
0.000000000000000000e+00
0.000000000000000000e+00
0.000000000000000000e+00
0.000000000000000000e+00
0.000000000000000000e+00
0.000000000000000000e+00
0.000000000000000000e+00
0.000000000000000000e+00
0.000000000000000000e+00
0.000000000000000000e+00
0.000000000000000000e+00
0.000000000000000000e+00
0.000000000000000000e+00
0.000000000000000000e+00
0.000000000000000000e+00
0.000000000000000000e+00
0.000000000000000000e+00
0.000000000000000000e+00
