0.000000000000000000e+00
0.000000000000000000e+00
0.000000000000000000e+00
0.000000000000000000e+00
0.000000000000000000e+00
0.000000000000000000e+00
0.000000000000000000e+00
0.000000000000000000e+00
0.000000000000000000e+00
0.000000000000000000e+00
0.000000000000000000e+00
0.000000000000000000e+00
0.000000000000000000e+00
0.000000000000000000e+00
0.000000000000000000e+00
0.000000000000000000e+00
0.000000000000000000e+00
0.000000000000000000e+00
0.000000000000000000e+00
0.000000000000000000e+00
0.000000000000000000e+00
0.000000000000000000e+00
0.000000000000000000e+00
0.000000000000000000e+00
0.000000000000000000e+00
0.000000000000000000e+00
0.000000000000000000e+00
2.000000000000000042e-03
1.100000000000000110e-02
4.099999999999999478e-02
6.900000000000000577e-02
1.660000000000000087e-01
3.109999999999999987e-01
5.110000000000000098e-01
6.159999999999999920e-01
7.409999999999999920e-01
1.490999999999999881e+00
1.030000000000000027e+00
3.119999999999999996e-01
8.469999999999999751e-01
5.870000000000000773e-01
2.560000000000000053e-01
3.900000000000000133e-01
5.300000000000000266e-01
7.390000000000001013e-01
9.499999999999999556e-01
1.118999999999999995e+00
1.303000000000000158e+00
1.368000000000000105e+00
1.441999999999999948e+00
1.514000000000000012e+00
1.596999999999999975e+00
1.586999999999999966e+00
1.588999999999999968e+00
1.554999999999999938e+00
1.501999999999999780e+00
1.449000000000000066e+00
1.386999999999999789e+00
1.300999999999999934e+00
1.207999999999999963e+00
1.155999999999999917e+00
1.080000000000000071e+00
1.064000000000000057e+00
1.017000000000000126e+00
9.869999999999999885e-01
9.200000000000000400e-01
8.659999999999999920e-01
8.540000000000000924e-01
8.370000000000000773e-01
8.079999999999999405e-01
8.079999999999999405e-01
7.840000000000000302e-01
7.990000000000000435e-01
8.149999999999999467e-01
8.220000000000000639e-01
8.249999999999999556e-01
8.229999999999999538e-01
8.070000000000000506e-01
8.569999999999999840e-01
8.619999999999999885e-01
8.569999999999999840e-01
9.000000000000000222e-01
9.370000000000000551e-01
9.270000000000000462e-01
9.579999999999999627e-01
9.859999999999999876e-01
1.002999999999999892e+00
1.046000000000000041e+00
1.056999999999999940e+00
1.075999999999999845e+00
1.090000000000000080e+00
1.098999999999999977e+00
1.092000000000000082e+00
1.096999999999999975e+00
1.112000000000000099e+00
1.105999999999999872e+00
1.108999999999999986e+00
1.092999999999999972e+00
1.096999999999999975e+00
1.085999999999999854e+00
1.094000000000000083e+00
1.068999999999999950e+00
1.056000000000000050e+00
1.040999999999999925e+00
1.036999999999999922e+00
1.018000000000000016e+00
1.026000000000000023e+00
1.000000000000000000e+00
9.890000000000001013e-01
9.740000000000000879e-01
9.670000000000000817e-01
9.609999999999999654e-01
9.509999999999999565e-01
9.549999999999999600e-01
9.399999999999999467e-01
9.420000000000000595e-01
9.420000000000000595e-01
9.509999999999999565e-01
9.379999999999999449e-01
9.640000000000000790e-01
9.579999999999999627e-01
9.629999999999999671e-01
9.599999999999999645e-01
9.719999999999999751e-01
9.559999999999999609e-01
9.869999999999999885e-01
1.000000000000000000e+00
1.007000000000000117e+00
1.000000000000000000e+00
9.899999999999999911e-01
1.002000000000000002e+00
1.010999999999999899e+00
1.010999999999999899e+00
1.002000000000000002e+00
1.014000000000000012e+00
1.028000000000000025e+00
1.019000000000000128e+00
1.027000000000000135e+00
1.022999999999999909e+00
1.024999999999999911e+00
1.022999999999999909e+00
1.018000000000000016e+00
1.014000000000000012e+00
1.008000000000000007e+00
1.022000000000000020e+00
1.018000000000000016e+00
1.036000000000000032e+00
1.020000000000000018e+00
1.012999999999999901e+00
1.006000000000000005e+00
9.969999999999999973e-01
9.849999999999999867e-01
9.929999999999999938e-01
1.002000000000000002e+00
9.849999999999999867e-01
9.890000000000001013e-01
9.849999999999999867e-01
9.929999999999999938e-01
9.899999999999999911e-01
9.890000000000001013e-01
9.909999999999999920e-01
9.990000000000001101e-01
1.002999999999999892e+00
9.959999999999999964e-01
9.949999999999999956e-01
9.949999999999999956e-01
9.849999999999999867e-01
9.809999999999999831e-01
1.000000000000000000e+00
9.949999999999999956e-01
9.959999999999999964e-01
9.890000000000001013e-01
9.979999999999999982e-01
9.979999999999999982e-01
9.979999999999999982e-01
1.000000000000000000e+00
1.004000000000000004e+00
9.990000000000001101e-01
1.012999999999999901e+00
1.010999999999999899e+00
1.009000000000000119e+00
1.008000000000000007e+00
9.979999999999999982e-01
9.990000000000001101e-01
9.979999999999999982e-01
1.006000000000000005e+00
1.008000000000000007e+00
1.008000000000000007e+00
1.006000000000000005e+00
9.990000000000001101e-01
1.002000000000000002e+00
1.000999999999999890e+00
1.000000000000000000e+00
1.000000000000000000e+00
9.979999999999999982e-01
1.009000000000000119e+00
1.002999999999999892e+00
1.004000000000000004e+00
1.000000000000000000e+00
1.004000000000000004e+00
9.969999999999999973e-01
9.940000000000001057e-01
9.990000000000001101e-01
9.919999999999999929e-01
9.949999999999999956e-01
9.919999999999999929e-01
9.969999999999999973e-01
9.909999999999999920e-01
9.969999999999999973e-01
1.000000000000000000e+00
1.002000000000000002e+00
1.002000000000000002e+00
9.929999999999999938e-01
1.000999999999999890e+00
9.979999999999999982e-01
9.979999999999999982e-01
1.000000000000000000e+00
1.000000000000000000e+00
1.006000000000000005e+00
1.004999999999999893e+00
1.002999999999999892e+00
1.004000000000000004e+00
9.979999999999999982e-01
1.002999999999999892e+00
1.002999999999999892e+00
1.000999999999999890e+00
1.000999999999999890e+00
9.990000000000001101e-01
9.990000000000001101e-01
9.949999999999999956e-01
1.000999999999999890e+00
1.000000000000000000e+00
9.959999999999999964e-01
1.002999999999999892e+00
1.004999999999999893e+00
9.979999999999999982e-01
1.002999999999999892e+00
1.002000000000000002e+00
1.002999999999999892e+00
9.990000000000001101e-01
1.004999999999999893e+00
1.004000000000000004e+00
9.969999999999999973e-01
1.002999999999999892e+00
1.006000000000000005e+00
9.959999999999999964e-01
9.929999999999999938e-01
9.869999999999999885e-01
9.890000000000001013e-01
9.969999999999999973e-01
1.007000000000000117e+00
1.007000000000000117e+00
9.990000000000001101e-01
9.979999999999999982e-01
1.000000000000000000e+00
1.006000000000000005e+00
9.990000000000001101e-01
1.002000000000000002e+00
9.979999999999999982e-01
9.949999999999999956e-01
1.004999999999999893e+00
9.959999999999999964e-01
9.979999999999999982e-01
1.002999999999999892e+00
1.000999999999999890e+00
9.979999999999999982e-01
1.002000000000000002e+00
1.000999999999999890e+00
9.990000000000001101e-01
1.000000000000000000e+00
9.979999999999999982e-01
1.008000000000000007e+00
1.007000000000000117e+00
1.004999999999999893e+00
9.990000000000001101e-01
1.002000000000000002e+00
9.979999999999999982e-01
9.949999999999999956e-01
9.969999999999999973e-01
1.000999999999999890e+00
1.000000000000000000e+00
9.949999999999999956e-01
9.940000000000001057e-01
9.949999999999999956e-01
9.949999999999999956e-01
9.979999999999999982e-01
1.006000000000000005e+00
9.969999999999999973e-01
1.002000000000000002e+00
1.002000000000000002e+00
1.002000000000000002e+00
9.969999999999999973e-01
9.969999999999999973e-01
9.990000000000001101e-01
1.004000000000000004e+00
1.002999999999999892e+00
1.000000000000000000e+00
1.000000000000000000e+00
1.002999999999999892e+00
1.000000000000000000e+00
9.969999999999999973e-01
9.990000000000001101e-01
9.949999999999999956e-01
9.990000000000001101e-01
1.002000000000000002e+00
9.979999999999999982e-01
1.000000000000000000e+00
1.006000000000000005e+00
9.979999999999999982e-01
1.000999999999999890e+00
1.000999999999999890e+00
1.004000000000000004e+00
1.007000000000000117e+00
1.008000000000000007e+00
1.002999999999999892e+00
9.990000000000001101e-01
9.979999999999999982e-01
1.000999999999999890e+00
9.929999999999999938e-01
9.979999999999999982e-01
9.990000000000001101e-01
9.969999999999999973e-01
9.929999999999999938e-01
9.990000000000001101e-01
9.969999999999999973e-01
1.000999999999999890e+00
1.000000000000000000e+00
9.979999999999999982e-01
9.990000000000001101e-01
9.979999999999999982e-01
1.000999999999999890e+00
9.979999999999999982e-01
1.004000000000000004e+00
1.002000000000000002e+00
1.002999999999999892e+00
1.000000000000000000e+00
1.006000000000000005e+00
1.002000000000000002e+00
1.002999999999999892e+00
1.002000000000000002e+00
1.000000000000000000e+00
9.990000000000001101e-01
9.990000000000001101e-01
1.002000000000000002e+00
1.000000000000000000e+00
9.990000000000001101e-01
9.990000000000001101e-01
9.990000000000001101e-01
1.002000000000000002e+00
9.979999999999999982e-01
1.002000000000000002e+00
1.002999999999999892e+00
1.004999999999999893e+00
1.002000000000000002e+00
9.940000000000001057e-01
9.990000000000001101e-01
9.969999999999999973e-01
1.000000000000000000e+00
9.969999999999999973e-01
9.959999999999999964e-01
9.959999999999999964e-01
