0.000000000000000000e+00
0.000000000000000000e+00
0.000000000000000000e+00
0.000000000000000000e+00
0.000000000000000000e+00
0.000000000000000000e+00
0.000000000000000000e+00
0.000000000000000000e+00
0.000000000000000000e+00
0.000000000000000000e+00
0.000000000000000000e+00
0.000000000000000000e+00
0.000000000000000000e+00
0.000000000000000000e+00
0.000000000000000000e+00
0.000000000000000000e+00
0.000000000000000000e+00
0.000000000000000000e+00
0.000000000000000000e+00
0.000000000000000000e+00
0.000000000000000000e+00
0.000000000000000000e+00
0.000000000000000000e+00
0.000000000000000000e+00
0.000000000000000000e+00
0.000000000000000000e+00
0.000000000000000000e+00
0.000000000000000000e+00
0.000000000000000000e+00
0.000000000000000000e+00
0.000000000000000000e+00
0.000000000000000000e+00
0.000000000000000000e+00
9.821333361291946422e-34
4.226572400511940941e-06
7.699579145992174745e-05
7.426954689435660839e-04
4.488571546971797943e-03
1.741961017251014709e-02
5.066606774926185608e-02
1.165540441870689392e-01
2.236576974391937256e-01
3.707234859466552734e-01
5.492725968360900879e-01
7.420590519905090332e-01
9.344917535781860352e-01
1.112557768821716309e+00
1.266257166862487793e+00
1.388579487800598145e+00
1.479756236076354980e+00
1.544665932655334473e+00
1.583954453468322754e+00
1.596317172050476074e+00
1.583372473716735840e+00
1.548704743385314941e+00
1.498891472816467285e+00
1.438002347946166992e+00
1.372069716453552246e+00
1.303640723228454590e+00
1.234297633171081543e+00
1.167306780815124512e+00
1.105925679206848145e+00
1.049354434013366699e+00
9.999429583549499512e-01
9.571143388748168945e-01
9.222837686538696289e-01
8.915654420852661133e-01
8.677189350128173828e-01
8.476913571357727051e-01
8.322255015373229980e-01
8.195967674255371094e-01
8.119994401931762695e-01
8.074940443038940430e-01
8.061230182647705078e-01
8.075726628303527832e-01
8.123844861984252930e-01
8.184812664985656738e-01
8.294562697410583496e-01
8.422631025314331055e-01
8.568811416625976562e-01
8.744174242019653320e-01
8.933622837066650391e-01
9.137407541275024414e-01
9.354552030563354492e-01
9.585031270980834961e-01
9.818399548530578613e-01
1.005118846893310547e+00
1.027498364448547363e+00
1.048133492469787598e+00
1.066422939300537109e+00
1.082367181777954102e+00
1.094661593437194824e+00
1.103807091712951660e+00
1.108916044235229492e+00
1.111035704612731934e+00
1.110207319259643555e+00
1.106239557266235352e+00
1.100490450859069824e+00
1.092440605163574219e+00
1.083534836769104004e+00
1.073094725608825684e+00
1.062198758125305176e+00
1.050297737121582031e+00
1.038872838020324707e+00
1.027321815490722656e+00
1.015905499458312988e+00
1.005723118782043457e+00
9.966315031051635742e-01
9.873707890510559082e-01
9.788751006126403809e-01
9.719997644424438477e-01
9.660842418670654297e-01
9.609389901161193848e-01
9.566730856895446777e-01
9.543510675430297852e-01
9.526883959770202637e-01
9.518173933029174805e-01
9.520384073257446289e-01
9.525841474533081055e-01
9.541302323341369629e-01
9.564014673233032227e-01
9.594888091087341309e-01
9.639722108840942383e-01
9.689261317253112793e-01
9.735519886016845703e-01
9.786258339881896973e-01
9.840286374092102051e-01
9.896930456161499023e-01
9.948050379753112793e-01
1.000055909156799316e+00
1.004115819931030273e+00
1.008463144302368164e+00
1.012830615043640137e+00
1.016637563705444336e+00
1.020371437072753906e+00
1.022608757019042969e+00
1.024087905883789062e+00
1.025614619255065918e+00
1.026011586189270020e+00
1.025902509689331055e+00
1.025546431541442871e+00
1.024339318275451660e+00
1.022974848747253418e+00
1.021559715270996094e+00
1.019232630729675293e+00
1.016659259796142578e+00
1.013840556144714355e+00
1.010794162750244141e+00
1.007905840873718262e+00
1.005205273628234863e+00
1.002367854118347168e+00
9.993249773979187012e-01
9.971567988395690918e-01
9.944354295730590820e-01
9.921088814735412598e-01
9.903689026832580566e-01
9.890977144241333008e-01
9.882218837738037109e-01
9.871441125869750977e-01
9.868518114089965820e-01
9.865163564682006836e-01
9.861885905265808105e-01
9.867005348205566406e-01
9.872972965240478516e-01
9.881355166435241699e-01
9.894361495971679688e-01
9.903755187988281250e-01
9.913757443428039551e-01
9.929794669151306152e-01
9.948223233222961426e-01
9.961227774620056152e-01
9.978992342948913574e-01
9.989383220672607422e-01
1.000441193580627441e+00
1.001951813697814941e+00
1.003145217895507812e+00
1.004248142242431641e+00
1.005118012428283691e+00
1.005795717239379883e+00
1.006262183189392090e+00
1.006643533706665039e+00
1.007062435150146484e+00
1.007030963897705078e+00
1.006877303123474121e+00
1.007022500038146973e+00
1.006888985633850098e+00
1.006292223930358887e+00
1.005554676055908203e+00
1.004957318305969238e+00
1.004030466079711914e+00
1.003415465354919434e+00
1.002292990684509277e+00
1.001150488853454590e+00
1.000814199447631836e+00
1.000464797019958496e+00
9.995164275169372559e-01
9.988889098167419434e-01
9.980260729789733887e-01
9.974886775016784668e-01
9.969698786735534668e-01
9.969671368598937988e-01
9.965624809265136719e-01
9.963135719299316406e-01
9.960948824882507324e-01
9.960569143295288086e-01
9.962602257728576660e-01
9.963158965110778809e-01
9.964960217475891113e-01
9.968497157096862793e-01
9.973157048225402832e-01
9.978181123733520508e-01
9.983983039855957031e-01
9.989040493965148926e-01
9.992479085922241211e-01
9.994310140609741211e-01
9.997617602348327637e-01
9.998638629913330078e-01
1.000398993492126465e+00
1.000778555870056152e+00
1.000882506370544434e+00
1.001082777976989746e+00
1.001481413841247559e+00
1.001587033271789551e+00
1.002002954483032227e+00
1.002016901969909668e+00
1.002241492271423340e+00
1.002079129219055176e+00
1.001822352409362793e+00
1.001847028732299805e+00
1.001623034477233887e+00
1.001600623130798340e+00
1.001327037811279297e+00
1.001271128654479980e+00
1.001163363456726074e+00
1.001026868820190430e+00
1.000276207923889160e+00
1.000433564186096191e+00
9.999389052391052246e-01
9.996654391288757324e-01
9.995074868202209473e-01
9.992591738700866699e-01
9.993812441825866699e-01
9.990949630737304688e-01
9.989073276519775391e-01
9.987407922744750977e-01
9.991149306297302246e-01
9.989669919013977051e-01
9.987671971321105957e-01
9.987581968307495117e-01
9.989815354347229004e-01
9.991427659988403320e-01
9.991242289543151855e-01
9.994289278984069824e-01
9.994502067565917969e-01
9.994061589241027832e-01
9.992682337760925293e-01
9.994770884513854980e-01
9.998280405998229980e-01
9.999108910560607910e-01
9.999955296516418457e-01
9.999573230743408203e-01
1.000360369682312012e+00
1.000428557395935059e+00
1.000600337982177734e+00
1.000821232795715332e+00
1.000734567642211914e+00
1.000807881355285645e+00
1.000794768333435059e+00
1.000542283058166504e+00
1.000447988510131836e+00
1.000360488891601562e+00
1.000492215156555176e+00
1.000485658645629883e+00
1.000513315200805664e+00
1.000212669372558594e+00
1.000175833702087402e+00
1.000182390213012695e+00
1.000179290771484375e+00
1.000277280807495117e+00
9.998887777328491211e-01
9.998407959938049316e-01
1.000006437301635742e+00
9.999769926071166992e-01
9.998383522033691406e-01
9.998100399971008301e-01
9.997650384902954102e-01
9.997188448905944824e-01
9.996389150619506836e-01
9.996243119239807129e-01
9.996688365936279297e-01
9.994543790817260742e-01
9.996073246002197266e-01
9.998594522476196289e-01
9.998238086700439453e-01
9.998901486396789551e-01
9.998971819877624512e-01
1.000021100044250488e+00
9.999448657035827637e-01
9.999101758003234863e-01
9.999203681945800781e-01
9.997200965881347656e-01
9.997410178184509277e-01
9.997817873954772949e-01
9.999248385429382324e-01
1.000072002410888672e+00
1.000013113021850586e+00
9.999141693115234375e-01
9.999813437461853027e-01
1.000041961669921875e+00
9.999698400497436523e-01
1.000303387641906738e+00
1.000287890434265137e+00
1.000240802764892578e+00
1.000102519989013672e+00
1.000147938728332520e+00
1.000048398971557617e+00
1.000042080879211426e+00
9.999846816062927246e-01
9.998680353164672852e-01
9.998678565025329590e-01
9.997699260711669922e-01
9.998654127120971680e-01
9.999333620071411133e-01
1.000035405158996582e+00
9.999253153800964355e-01
1.000044584274291992e+00
1.000088095664978027e+00
1.000046253204345703e+00
1.000002980232238770e+00
1.000069141387939453e+00
9.999503493309020996e-01
1.000151991844177246e+00
1.000027179718017578e+00
1.000106573104858398e+00
1.000371575355529785e+00
1.000294208526611328e+00
9.998844861984252930e-01
9.998896121978759766e-01
1.000059962272644043e+00
9.999548792839050293e-01
9.999265074729919434e-01
1.000002503395080566e+00
1.000062823295593262e+00
1.000149846076965332e+00
9.999936819076538086e-01
9.999851584434509277e-01
9.997534751892089844e-01
9.997935891151428223e-01
9.998376369476318359e-01
9.998412728309631348e-01
9.998322129249572754e-01
9.998339414596557617e-01
9.998305439949035645e-01
9.999476671218872070e-01
1.000058531761169434e+00
1.000044226646423340e+00
9.999766349792480469e-01
1.000026822090148926e+00
9.999764561653137207e-01
9.998926520347595215e-01
1.000093698501586914e+00
