0.000000000000000000e+00
0.000000000000000000e+00
0.000000000000000000e+00
0.000000000000000000e+00
0.000000000000000000e+00
0.000000000000000000e+00
0.000000000000000000e+00
0.000000000000000000e+00
0.000000000000000000e+00
0.000000000000000000e+00
0.000000000000000000e+00
0.000000000000000000e+00
0.000000000000000000e+00
0.000000000000000000e+00
0.000000000000000000e+00
0.000000000000000000e+00
0.000000000000000000e+00
0.000000000000000000e+00
0.000000000000000000e+00
0.000000000000000000e+00
0.000000000000000000e+00
0.000000000000000000e+00
0.000000000000000000e+00
0.000000000000000000e+00
0.000000000000000000e+00
0.000000000000000000e+00
0.000000000000000000e+00
0.000000000000000000e+00
0.000000000000000000e+00
0.000000000000000000e+00
0.000000000000000000e+00
0.000000000000000000e+00
0.000000000000000000e+00
0.000000000000000000e+00
6.430454959627240896e-06
1.274337555514648557e-04
1.152906217612326145e-03
6.447753868997097015e-03
2.378376200795173645e-02
6.560704857110977173e-02
1.445971429347991943e-01
2.690397799015045166e-01
4.359669983386993408e-01
6.289328932762145996e-01
8.294218182563781738e-01
1.025568246841430664e+00
1.197501659393310547e+00
1.338024377822875977e+00
1.446371793746948242e+00
1.517837882041931152e+00
1.560878515243530273e+00
1.579252243041992188e+00
1.572802305221557617e+00
1.543672680854797363e+00
1.494319200515747070e+00
1.433492660522460938e+00
1.363609910011291504e+00
1.293523192405700684e+00
1.222406148910522461e+00
1.152092337608337402e+00
1.086877346038818359e+00
1.028442978858947754e+00
9.761094450950622559e-01
9.297865629196166992e-01
8.926287889480590820e-01
8.620591163635253906e-01
8.387895226478576660e-01
8.210371136665344238e-01
8.094547390937805176e-01
8.017982840538024902e-01
8.001787662506103516e-01
8.014650344848632812e-01
8.068652749061584473e-01
8.144842386245727539e-01
8.272511363029479980e-01
8.425782918930053711e-01
8.592275977134704590e-01
8.780509233474731445e-01
8.976290822029113770e-01
9.183750748634338379e-01
9.389472603797912598e-01
9.581807851791381836e-01
9.787725210189819336e-01
9.967578053474426270e-01
1.015450358390808105e+00
1.032508850097656250e+00
1.050138950347900391e+00
1.066192626953125000e+00
1.077699780464172363e+00
1.087930798530578613e+00
1.097367763519287109e+00
1.102939248085021973e+00
1.106979727745056152e+00
1.106741070747375488e+00
1.104088306427001953e+00
1.100014925003051758e+00
1.091386675834655762e+00
1.082098841667175293e+00
1.072212338447570801e+00
1.060384154319763184e+00
1.047972083091735840e+00
1.034019827842712402e+00
1.022063851356506348e+00
1.010084390640258789e+00
9.982209205627441406e-01
9.868016242980957031e-01
9.777812361717224121e-01
9.684773087501525879e-01
9.602544903755187988e-01
9.529471993446350098e-01
9.491694569587707520e-01
9.448929429054260254e-01
9.427230358123779297e-01
9.413819313049316406e-01
9.427725076675415039e-01
9.437848329544067383e-01
9.452787041664123535e-01
9.492636322975158691e-01
9.537004828453063965e-01
9.585444331169128418e-01
9.631391167640686035e-01
9.698437452316284180e-01
9.763261079788208008e-01
9.838091135025024414e-01
9.902733564376831055e-01
9.968973398208618164e-01
1.002673268318176270e+00
1.007814168930053711e+00
1.012536168098449707e+00
1.017614841461181641e+00
1.022180080413818359e+00
1.025654673576354980e+00
1.027532100677490234e+00
1.030306100845336914e+00
1.031487345695495605e+00
1.032787799835205078e+00
1.032219409942626953e+00
1.031285762786865234e+00
1.030180215835571289e+00
1.027489542961120605e+00
1.025483131408691406e+00
1.023431301116943359e+00
1.019953608512878418e+00
1.016220331192016602e+00
1.012709498405456543e+00
1.009125828742980957e+00
1.005477070808410645e+00
1.002606034278869629e+00
9.994208216667175293e-01
9.962915182113647461e-01
9.939180612564086914e-01
9.912502169609069824e-01
9.891092181205749512e-01
9.873095750808715820e-01
9.856963753700256348e-01
9.848425388336181641e-01
9.843771457672119141e-01
9.840750694274902344e-01
9.838106036186218262e-01
9.845682978630065918e-01
9.849173426628112793e-01
9.863128662109375000e-01
9.877138733863830566e-01
9.886717200279235840e-01
9.900096654891967773e-01
9.921602606773376465e-01
9.936137795448303223e-01
9.952676296234130859e-01
9.966791868209838867e-01
9.982880353927612305e-01
9.999035596847534180e-01
1.001601815223693848e+00
1.002515554428100586e+00
1.003844380378723145e+00
1.005253314971923828e+00
1.006186842918395996e+00
1.006893515586853027e+00
1.008098244667053223e+00
1.008423209190368652e+00
1.008049726486206055e+00
1.008172988891601562e+00
1.007548570632934570e+00
1.007005929946899414e+00
1.006996989250183105e+00
1.006298780441284180e+00
1.005346536636352539e+00
1.004575014114379883e+00
1.004095554351806641e+00
1.002815127372741699e+00
1.001720666885375977e+00
1.000457763671875000e+00
9.997074604034423828e-01
9.979456663131713867e-01
9.972590208053588867e-01
9.969202876091003418e-01
9.965466856956481934e-01
9.960603117942810059e-01
9.956938028335571289e-01
9.961341023445129395e-01
9.958821535110473633e-01
9.953936338424682617e-01
9.953191280364990234e-01
9.959884285926818848e-01
9.963883161544799805e-01
9.967758059501647949e-01
9.968370795249938965e-01
9.974774718284606934e-01
9.977750182151794434e-01
9.984441399574279785e-01
9.985488653182983398e-01
9.997861981391906738e-01
1.000054836273193359e+00
1.000553011894226074e+00
1.001083374023437500e+00
1.001345992088317871e+00
1.001918077468872070e+00
1.002238988876342773e+00
1.002785563468933105e+00
1.002549052238464355e+00
1.002423048019409180e+00
1.002674818038940430e+00
1.002575278282165527e+00
1.002666711807250977e+00
1.002449393272399902e+00
1.002671837806701660e+00
1.002297401428222656e+00
1.001830458641052246e+00
1.001466512680053711e+00
1.001718163490295410e+00
1.001228809356689453e+00
1.000538468360900879e+00
1.000420451164245605e+00
9.999108910560607910e-01
9.987365603446960449e-01
9.988009333610534668e-01
9.989054203033447266e-01
9.984331727027893066e-01
9.982970356941223145e-01
9.984719753265380859e-01
9.985294938087463379e-01
9.985812902450561523e-01
9.984686970710754395e-01
9.986003041267395020e-01
9.987455010414123535e-01
9.986541867256164551e-01
9.985132813453674316e-01
9.981893301010131836e-01
9.989499449729919434e-01
9.989683628082275391e-01
9.992659091949462891e-01
9.990849494934082031e-01
9.994950890541076660e-01
9.998705387115478516e-01
9.996128082275390625e-01
9.998945593833923340e-01
1.000359892845153809e+00
1.000452160835266113e+00
1.000586509704589844e+00
1.000616788864135742e+00
1.000639200210571289e+00
1.000660538673400879e+00
1.000754594802856445e+00
1.000606179237365723e+00
1.000926852226257324e+00
1.001152515411376953e+00
1.001078844070434570e+00
1.001071810722351074e+00
1.001026153564453125e+00
1.001174449920654297e+00
1.000981092453002930e+00
1.000906705856323242e+00
1.001045942306518555e+00
1.000489950180053711e+00
1.000311017036437988e+00
1.000429749488830566e+00
1.000633955001831055e+00
1.000275373458862305e+00
1.000301480293273926e+00
9.998757839202880859e-01
9.998295307159423828e-01
9.995483756065368652e-01
9.994462728500366211e-01
9.994716048240661621e-01
9.990596175193786621e-01
9.991663694381713867e-01
9.990989565849304199e-01
9.991359710693359375e-01
9.991032481193542480e-01
9.990232586860656738e-01
9.992867112159729004e-01
9.996206760406494141e-01
9.995120167732238770e-01
9.996632933616638184e-01
9.993884563446044922e-01
9.997133612632751465e-01
9.998204708099365234e-01
9.997667670249938965e-01
9.996722340583801270e-01
9.997259974479675293e-01
1.000153899192810059e+00
1.000303149223327637e+00
1.000336408615112305e+00
1.000281810760498047e+00
1.000259160995483398e+00
1.000511884689331055e+00
1.000260829925537109e+00
1.000352740287780762e+00
1.000278472900390625e+00
1.000364780426025391e+00
1.000080823898315430e+00
1.000356316566467285e+00
1.000122070312500000e+00
1.000134706497192383e+00
9.999740719795227051e-01
1.000275015830993652e+00
1.000430822372436523e+00
1.000058174133300781e+00
1.000092148780822754e+00
1.000159740447998047e+00
9.999414682388305664e-01
9.998826980590820312e-01
9.997919797897338867e-01
9.997901320457458496e-01
9.997400045394897461e-01
9.998443126678466797e-01
9.997818470001220703e-01
9.999627470970153809e-01
9.998766779899597168e-01
9.996558427810668945e-01
9.996262788772583008e-01
9.996725320816040039e-01
9.998950958251953125e-01
1.000072717666625977e+00
9.998174309730529785e-01
1.000072121620178223e+00
1.000196576118469238e+00
1.000083446502685547e+00
1.000074028968811035e+00
1.000014781951904297e+00
1.000115275382995605e+00
1.000362157821655273e+00
1.000458121299743652e+00
1.000322341918945312e+00
1.000394821166992188e+00
1.000396847724914551e+00
1.000008344650268555e+00
9.999580979347229004e-01
9.998181462287902832e-01
9.998622536659240723e-01
9.999862313270568848e-01
9.999279379844665527e-01
1.000213980674743652e+00
9.999830722808837891e-01
9.999806284904479980e-01
9.999615550041198730e-01
9.996844530105590820e-01
9.999821186065673828e-01
9.997048377990722656e-01
9.999685883522033691e-01
9.997157454490661621e-01
9.996757507324218750e-01
